freq	input	output
32	352.58	292.6
33	344.16	313.06
34	342	272.86
35	324.58	293.18
36	350.44	286.62
37	316.82	259.54
38	306.78	265.6
39	326.46	265.9
40	318.5	267.52
41	317.66	255.56
42	317.88	255.18
43	309.8	253.52
44	301.34	251.66
45	296.96	231.34
46	312.5	243.98
47	281.7	226.04
48	311.02	238.34
49	288.48	216.82
50	285.16	236.5
51	303.34	229.22
52	295.48	211.32
53	287.34	207.28
54	277.36	207.46
55	282.54	207.58
56	278.28	207.54
57	283.8	202.58
58	273.28	196.8
59	278.44	202.84
60	276.46	189.72
61	286.12	197.72
62	356.76	317.04
63	285.56	194.96
64	267.34	181.18
65	258.34	178.84
66	259.54	179.84
67	270.24	181.64
68	270.82	174.18
69	273.32	175.14
70	270.5	174.66
71	261.4	169.02
72	267.5	167.68
73	276.18	169.68
74	254.58	157.98
75	268.48	167.96
76	245.4	156.78
77	262.6	164.54
78	252.86	164.5
79	256	151.7
80	251.14	149.02
81	257.52	148.58
82	255.42	149.66
83	259.88	150.34
84	260.3	148.74
85	249.3	144.32
86	249.7	148.6
87	248.2	139.26
88	256.34	148.08
89	252.2	136.34
90	253.42	135.74
91	248.3	142.56
92	231.36	138.76
93	247.58	140.2
94	254.9	132.24
95	260.98	132.98
96	247.34	130.32
97	249.7	132.82
98	260.32	126.36
99	253.68	129
100	243.74	129.94
101	245.12	126.94
102	246.42	120.16
103	231.9	126.8
104	244.5	124.5
105	244.46	119.96
106	238.78	120.94
107	241.4	119.96
108	244.78	121.04
109	230.1	117.44
110	247.76	117.02
111	235.62	116.6
112	242.84	113.42
113	237.86	114.26
114	234.92	115.82
115	235.18	110.88
116	261.74	109.04
117	239.2	114.26
118	232.48	108.1
119	241.88	105.98
120	237.44	108.8
121	242.36	105.88
122	246.88	126.72
123	231.82	104.14
124	244.58	105.86
125	233.64	102.84
126	239.1	106.24
127	246.02	101.94
128	244.54	102.5
129	232.58	103.1
130	231.04	102.84
131	250.62	102.38
132	240.74	96.32
133	235.2	95.54
134	231.92	98.76
135	227.2	98.62
136	232.16	97.26
137	225.2	97.12
138	226.96	96.4
139	215.32	94.82
140	236.9	96.08
141	219.4	94.68
142	227.3	95.1
143	222.28	91.56
144	232.56	94.72
145	229.36	89.28
146	225.82	88.82
147	226.12	93.1
148	228.26	90.82
149	243.12	92.64
150	236.48	89.32
151	227.74	91.48
152	226.48	86.82
153	227.52	87.54
154	220.74	87.68
155	245.22	86.4
156	234.12	86.3
157	239.04	87.82
158	227.32	87.2
159	233.7	83.12
160	218.76	81.62
161	223.36	83.98
162	209.52	84.9
163	233.94	84.08
164	222.12	83.58
165	225.96	82.26
166	224.06	80.72
167	220.9	80.6
168	225.3	80.56
169	230.68	80.4
170	233.72	78.6
171	226.28	80.44
172	218.02	78.86
173	216.06	77.22
174	172.42	81.76
175	240.48	76.38
176	222.34	81.28
177	190.1	78.56
178	234.72	79.04
179	233.28	74.98
180	230.42	75.5
181	220.24	76.22
182	227.78	73.68
183	216.3	74.58
184	224.86	75.38
185	219.22	75.26
186	219.5	73.64
187	206.7	70.8
188	214.5	72.3
189	214.88	73.08
190	238	73.18
191	216.44	72.82
192	224.5	71
193	221.48	70.12
194	226.72	69.12
195	222.52	71.4
196	223.72	69.76
197	216.74	69.12
198	202.22	66.86
199	235.44	71.54
200	206.36	71.28
201	224.54	68.94
202	222.88	66.4
203	223.32	67.54
204	221.94	66.72
205	223.7	66.98
206	214.58	66.42
207	215.22	68.48
208	216.54	65.42
209	222.38	66.02
210	215.28	66.6
211	224.9	66.58
212	223.54	63.3
213	228.56	64.52
214	223.58	65.76
215	222.86	65.56
216	210.56	65.96
217	228.9	65.28
218	214.18	65.14
219	214.36	64.28
220	212.4	63.36
221	224.72	63.06
222	223.06	63.24
223	223.58	62.62
224	215.94	62.84
225	223.98	61.2
226	212.4	62.5
227	227.64	62.4
228	210.86	61.9
229	212.98	62.06
230	242.38	61.26
231	235.8	59.32
232	242.54	58.88
233	197.22	60.62
234	222.74	64.24
235	217.54	58.34
236	172.58	57.78
237	213.06	60.34
238	236.06	59.88
239	220.46	58.34
240	204.28	58.64
241	214.76	58.64
242	215.68	58.84
243	219.9	58.76
244	221.5	58.64
245	204.64	55.18
246	221.5	59.5
247	247.32	56.68
248	233.26	57.98
249	226.98	59.6
250	233.56	58.3
251	207.22	54.68
252	210.16	56.1
253	210.04	58.14
254	216.6	57.08
255	227.46	56.44
256	222.86	54.58
257	212.9	54.7
258	213.52	54.34
259	206.12	53.84
260	212.82	53.5
261	208.02	53.92
262	210.82	55.24
263	210.5	55.06
264	211.42	53.52
265	203.88	54.12
266	221.52	54.52
267	203.16	54.14
268	212.14	52.66
269	207.82	54.08
270	201.4	52.62
271	213.9	53.52
272	211.1	52.16
273	213.74	53.1
274	212.48	51.78
275	213.02	53.34
276	202.1	51.44
277	232.32	51.02
278	188.82	52.26
279	235.58	51.6
280	210.6	51.44
281	203.54	52.48
282	212.48	51.9
283	212.62	50.46
284	203.46	50.32
285	213.7	49.36
286	218.26	48.94
287	208.62	48.18
288	211.9	48.66
289	219.62	48.2
290	203.66	48.12
291	200.16	48.8
292	203.42	51.64
293	221.08	50.58
294	196.84	52.64
295	233.96	48.88
296	241.26	48.3
297	234.84	48.56
298	194.5	51.84
299	197.82	51.08
300	215.68	49.24
301	209.3	48.8
302	202.4	47.44
303	216.28	48.48
304	212.88	48.84
305	200.62	48.1
306	209.38	48.64
307	218.86	47.16
308	217.6	46.72
309	208.38	47.1
310	210.2	48.22
311	203.54	47.78
312	214.78	47.7
313	208.64	45.52
314	202.66	46.08
315	201.2	45.92
316	232.82	46.7
317	226.14	46.2
318	175.4	44.22
319	204.4	45
320	201.88	46.08
321	202.96	46.96
322	219.52	45.72
323	200.56	46.48
324	209.58	45.42
325	202.8	45.56
326	194.82	44.68
327	202.98	46.32
328	190.76	45.02
329	204.74	45.14
330	200.34	44.84
331	211.96	44.92
332	210.84	44.88
333	207.72	46.42
334	207.16	43.46
335	226.54	44.18
336	193.8	44.96
337	201.9	42.68
338	201.88	43.08
339	201.68	43.32
340	209.96	43.64
341	208.66	44.96
342	201.48	44.82
343	194.28	44.52
344	202.84	43.46
345	203.46	43.14
346	192.98	43.64
347	201.38	43.66
348	200.16	44.36
349	190.58	44.08
350	216.26	42.82
351	200.78	42.62
352	199.22	44.1
353	201.64	43.7
354	206.34	43.04
355	199.12	42.28
356	199.14	42.36
357	201.94	42.4
358	194.66	41.98
359	194.06	42.12
360	201.66	41.6
361	190.24	43.8
362	200.92	41.12
363	199.84	40.92
364	180.98	44.36
365	185.4	41.94
366	168.76	41.56
367	158.68	44.28
368	221.62	51.36
369	245.1	36.74
370	224.62	48.56
371	214.56	35.62
372	234.42	33.88
373	199.9	43.34
374	214.5	44.52
375	213.24	41.02
376	195.66	37.74
377	200.86	40.86
378	191.02	41.4
379	179.9	41.96
380	175.8	40.86
381	182.76	39.5
382	212.04	38.64
383	200.66	39.74
384	199.24	39.84
385	184.52	39.28
386	191.52	40.02
387	182.22	40.62
388	191.22	39.82
389	192.58	38.56
390	210.4	39.2
391	202.12	67.32
392	208.4	40.8
393	190.96	39.32
394	182.76	38.86
395	192.62	38.2
396	173.38	40.34
397	200.62	39.02
398	184.78	38.98
399	198.78	37.96
400	200.1	37.76
401	197.98	36.6
402	205.04	37.8
403	200.88	37.6
404	194.96	38.1
405	203.4	38.12
406	200.98	38.48
407	190.86	38.44
408	207.36	38.16
409	190.26	37.94
410	181.7	39
411	191.66	38.4
412	181.76	37.62
413	182.1	37.32
414	191.24	38.04
415	190.28	37.96
416	183	36.7
417	182.58	38.02
418	199.08	36.86
419	191.48	36.96
420	193.44	37.9
421	201.42	36
422	181.78	37.38
423	186.24	35.84
424	170.9	37.04
425	202.46	34.62
426	198.7	36.64
427	198.88	37.48
428	179.78	38.8
429	194.46	35.68
430	192.6	36.28
431	192.26	36.2
432	192.44	35.64
433	192	36.22
434	191.02	34.74
435	199.84	36.24
436	191	36.18
437	190.42	37
438	189.62	35.7
439	200.64	35.58
440	201.36	36.14
441	224.46	37.96
442	191.42	36.2
443	224.6	35.8
444	147.64	35.2
445	209.24	37.14
446	224.7	35.04
447	190.14	36.12
448	181.7	36.7
449	174.12	34.44
450	181.88	34.58
451	189.66	35.34
452	200.78	36.78
453	210	34.88
454	173.14	35.4
455	196.8	33.72
456	190.08	36.24
457	163.2	35.52
458	202.66	34.9
459	190.36	34.08
460	199.42	34.46
461	199.04	33.7
462	181.72	35.32
463	190.98	33.44
464	181.04	34.54
465	180.42	33.7
466	182.48	32.56
467	182.12	35.22
468	191.48	34.86
469	179.8	33.52
470	171.92	34.6
471	181.86	35.34
472	192.26	34.46
473	190.98	33.8
474	165.88	34.94
475	189.3	33.84
476	200.22	33.76
477	190.22	33.18
478	179.18	32.82
479	188.94	32.6
480	199.72	32.72
481	196.32	33.72
482	181.58	33.56
483	199.56	34.38
484	183.32	32.54
485	179.46	34.3
486	180.16	33.82
487	191.32	35
488	173.4	32.8
489	181.02	32.98
490	172.32	32.12
491	181.18	33.8
492	184.08	34.92
493	180.84	32.36
494	192.24	32.5
495	187.68	33.64
496	182.18	32.86
497	187.02	31.62
498	187.98	33.08
499	173.36	33.36
500	183.6	33.38
501	188.84	32.4
502	171.52	32.8
503	190.48	32.56
504	182.2	31.96
505	190.18	32.12
506	199.32	32.78
507	183.74	33.58
508	183.16	32.36
509	183.38	31.22
510	194.64	32.44
511	189.84	32.58
512	198.36	31.7
513	171.92	32.32
514	189.02	31.58
515	165.4	32.32
516	173.48	33.42
517	200.18	35.82
518	174.72	35.14
519	205.54	34.68
520	221.46	23.72
521	239.7	38.54
522	225.32	32.74
523	242.5	37.16
524	228.82	26.58
525	185.58	25.06
526	147.64	29.16
527	131.94	27.98
528	173.28	28.2
529	184.18	28.78
530	187.38	32.48
531	183.96	32.48
532	171.48	31.68
533	182.24	31.24
534	173.26	32.34
535	175.06	31.3
536	182.78	32.24
537	191.6	32.7
538	182.16	32.16
539	182.52	32.18
540	162.56	30.68
541	181.46	32.08
542	181.7	30.78
543	180.94	31.4
544	188.94	31.62
545	171.68	31.44
546	171.86	31.14
547	171.04	30.16
548	172.44	31.2
549	187.94	31.76
550	164.62	31.32
551	179.42	29.76
552	180.94	30.1
553	174.12	31.06
554	171.98	30.56
555	181.58	29.88
556	172.38	30.28
557	181.54	29
558	165.6	30.58
559	171.14	29.56
560	170.08	28.9
561	182.28	31
562	172.1	29.92
563	180.86	30.94
564	172.44	30.46
565	181.76	30.2
566	181.44	29.92
567	181.34	30.24
568	181.02	29.5
569	165.04	29.2
570	179.98	31.98
571	174.26	28.96
572	189.08	29.68
573	175.6	29.04
574	180.16	29.24
575	161.16	29.16
576	180.12	30.68
577	171.3	30.34
578	180.44	29.98
579	171.38	30.16
580	163.54	30.26
581	171.92	29.26
582	170.96	28.94
583	180.7	29.68
584	164.14	30.1
585	181.04	30.48
586	198.24	29.66
587	120.56	30.66
588	146.16	28.08
589	127.4	27.84
590	172.7	29.38
591	145.08	28.58
592	199.8	29.92
593	163.66	28.26
594	154.44	28.94
595	172.24	29.7
596	172.34	29.16
597	189	29.88
598	171.86	29.06
599	188.48	28.9
600	172.22	28.68
601	173.58	28.08
602	169.18	27.92
603	173.9	28.8
604	180.3	29.2
605	171.5	28.3
606	179.98	28.44
607	181.28	28.62
608	189.24	28.52
609	171.18	28.28
610	170.74	28.38
611	179.98	27.94
612	181.66	27.86
613	171.12	28.84
614	163.04	28.72
615	153.36	29.38
616	182.16	28.04
617	163.2	28.22
618	163.5	29.1
619	171.64	27.76
620	172.4	29.34
621	162.3	28.76
622	176.94	27.7
623	171.92	29.38
624	169.14	27.66
625	162.88	29.06
626	141.18	26.06
627	228.88	29.66
628	185.54	31.32
629	188.24	28.2
630	161.26	25.96
631	211.16	28.34
632	173.2	28.34
633	188.1	27.82
634	182.12	30
635	182.62	28.04
636	172	27.1
637	173.18	28.72
638	164	26.98
639	172.22	27.64
640	164.06	26.96
641	153.96	27.36
642	163.12	27.8
643	172.64	28.26
644	179.56	28.58
645	172.42	28.54
646	169.74	27.16
647	162.52	26.56
648	178.68	27.46
649	162.68	27.64
650	163.34	26.46
651	163.44	28.32
652	153.12	26.78
653	153.84	25.68
654	154.4	27.34
655	162.86	27.7
656	161.96	27.36
657	162.12	27.24
658	161.72	27.16
659	171.36	27.64
660	163.78	27.82
661	163.4	27.56
662	162.72	26.98
663	170.52	27.68
664	161.26	27.96
665	171.74	27.68
666	163.98	27.44
667	164.26	27.46
668	163.68	27.16
669	163.18	27.44
670	159.88	29.18
671	171.7	28.2
672	171.36	27.04
673	173.22	26.18
674	169.2	26.58
675	173.74	26.1
676	170.18	27.4
677	170.62	26.8
678	172.6	25.92
679	163.86	27.78
680	154.22	27.34
681	163	27.24
682	154.26	27.08
683	172.62	27
684	136.26	27.02
685	145.76	26.96
686	170.54	27.46
687	171.76	26.28
688	171.26	26
689	153.1	26.84
690	181.04	26.92
691	162.92	26.06
692	153.16	26.64
693	163.44	27.4
694	173.14	26.84
695	175.86	25.5
696	173.76	27.6
697	177.6	25.4
698	183.46	28.44
699	144.06	25.3
700	163.4	26.64
701	152.26	25.78
702	142.56	24.28
703	179.04	25.1
704	154.18	25.92
705	153.3	26.58
706	160.88	26.94
707	162.92	25.44
708	154.86	24.88
709	162.5	27.34
710	143.6	27
711	163.02	24.4
712	170.72	26.22
713	156.42	26.3
714	161.9	26.06
715	153.94	25.52
716	161.62	26.34
717	161.92	26.78
718	163.62	25.22
719	163.24	25.4
720	163.04	25.62
721	162.24	25.94
722	163.16	25.98
723	163.94	25.02
724	171.96	25.62
725	160.92	25.16
726	162.2	26.7
727	152.6	24.94
728	163.36	25.76
729	145.3	25.52
730	161.22	25.98
731	142.6	25.26
732	171.56	24.28
733	154.94	25.26
734	154.72	25.1
735	160.04	26.94
736	170.76	26
737	172.36	24.78
738	163.24	25.38
739	160.32	26.16
740	171.08	24.68
741	170.72	25.16
742	162.5	25.14
743	164.2	24.92
744	162.88	26.08
745	171.76	25.12
746	144.74	25.56
747	143.64	25.42
748	168	25.72
749	171.38	25.82
750	153.9	25.44
751	162.74	25.1
752	152.16	24.78
753	170.08	24.78
754	162.72	24.36
755	196.98	25.24
756	152.84	25.46
757	144.28	25.46
758	146.84	25.36
759	144.5	25.04
760	137.24	24.56
761	145.6	24
762	164.58	23.98
763	155.16	25.04
764	168.82	26.16
765	180.56	23.96
766	123.64	24.62
767	153.42	25.46
768	151.98	24.86
769	161	24.1
770	152.94	23.74
771	142.36	25.48
772	145.66	25.74
773	129.46	25.14
774	178.06	24.64
775	140.78	25.24
776	134.42	26.02
777	216.28	26.4
778	237.16	22.22
779	122.1	24.56
780	130.04	25.62
781	137.2	26.42
782	219.58	36.26
783	244.38	24.22
784	228.66	18.54
785	104.04	25.38
786	244.04	24.1
787	236.64	19.56
788	242.52	23.44
789	208.2	24
790	243.26	23.98
791	242.72	23.96
792	110.72	25.58
793	119.34	26.96
794	229.78	26.92
795	61.76	24.08
796	94.44	25.86
797	132.88	25.94
798	153.78	23.6
799	141.34	25.8
800	144.18	26.74
801	201.96	24.32
802	154.54	24.4
803	136.4	24.22
804	119.2	25.14
805	119.72	24.84
806	137.08	25.3
807	135.96	25.44
808	158.72	25.6
809	189.58	22.92
810	119.9	24.24
811	116.22	26.18
812	135.56	24.16
813	133.5	24.56
814	142.8	24.24
815	144.48	24.44
816	144.42	25.22
817	151.14	23.54
818	161.16	22.72
819	159.94	23.94
820	160.76	23.56
821	161.94	24.94
822	159.94	24.76
823	168.3	24.62
824	144.9	25.04
825	152.38	25.58
826	144.72	24.54
827	132.7	24.44
828	153.44	23.24
829	144.2	23.76
830	144.66	23.68
831	143.4	23.4
832	143.54	25.24
833	143.96	24.8
834	154.5	24.6
835	143.98	23.72
836	127.22	24.2
837	127.58	23.2
838	125.26	24.76
839	144.52	24.32
840	153.16	23.3
841	143.06	24.92
842	179.42	24.34
843	144.4	23.84
844	134.24	24.9
845	143.42	23.96
846	152.16	23.5
847	143.44	23.88
848	144.46	24.12
849	134.84	24.06
850	153.02	24.42
851	152.4	23.74
852	161.74	24.24
853	135.98	24.2
854	116.92	24.4
855	134	23.92
856	124.42	24.32
857	151.12	24.22
858	135.24	23.18
859	151.5	23.72
860	142.12	24.04
861	150.7	24.16
862	127.26	22.66
863	136.68	24.48
864	142.7	23.9
865	144.84	24.12
866	143.74	24.68
867	143.78	23.9
868	153.02	24.44
869	135.02	23.8
870	136.96	24.46
871	122.42	24.38
872	153.54	24.02
873	136.56	24.64
874	159.36	22.48
875	150.94	23.7
876	143.36	23.56
877	133.44	23.62
878	125.02	23.26
879	142.42	23.4
880	142.22	23.5
881	143.64	24.34
882	134.28	23.78
883	160.56	23.98
884	151.66	23.3
885	134.32	23.3
886	127.1	23.82
887	167.96	24.66
888	124.84	24.38
889	151.4	22.78
890	142.64	24.14
891	143.8	24.18
892	142.7	23.82
893	145.2	21.7
894	128.58	21.24
895	164.04	22.74
896	173.24	22.96
897	132.1	25.72
898	155.64	23.04
899	149.8	26.02
900	117.44	22.02
901	143.82	23.12
902	127.78	22.94
903	141.56	23.62
904	159.32	22.7
905	142.02	24.14
906	153.48	23.12
907	142.24	22.5
908	135.18	22.44
909	143.84	22.64
910	144.24	22.92
911	143.56	21.98
912	151.28	23.24
913	153.02	21.6
914	99.4	23.16
915	152.84	22.78
916	144.64	22.1
917	151.98	22.84
918	153.76	22.14
919	133.36	22.58
920	124.44	22.26
921	126.02	23.56
922	142.92	23.32
923	135.08	22.82
924	126.52	24.08
925	151.24	21.18
926	124.22	23
927	123.88	21.42
928	142.68	22.52
929	126.62	21.54
930	125.48	22.98
931	126.84	23.08
932	134.26	22.92
933	146.5	22.26
934	143.24	22.92
935	144.34	22.14
936	144.72	21.66
937	136.44	22.82
938	134.16	22.88
939	144	23.24
940	137.1	23.74
941	139	23.1
942	139.3	22.78
943	139.3	22.94
944	139.94	22.34
945	139.82	22.5
946	139.02	22.96
947	133.36	21.98
948	142.78	21.9
949	126.4	23.48
950	142.72	22.5
951	126.22	22.7
952	132.38	23.36
953	143.78	21.98
954	132.16	23.08
955	134.9	23.18
956	133.08	22.38
957	143.64	23.38
958	133.36	22.14
959	135.16	23.34
960	132.7	22.14
961	135	22.3
962	133.82	22.16
963	132.66	21.88
964	133.12	22.32
965	145	22.86
966	123.68	21.58
967	141.84	22.86
968	126.8	22.36
969	142.86	22.54
970	134.32	22.14
971	134.76	22.16
972	142.54	22.08
973	135.52	22.02
974	135.64	22.58
975	135.48	22.34
976	125.12	22.28
977	133.64	22.46
978	142.24	22.08
979	124.88	22.52
980	125.66	22.5
981	143.1	21.48
982	125.14	22.14
983	126.26	22.8
984	117.32	22.08
985	116.5	22.54
986	125	21.68
987	133.16	22.66
988	124.08	21.46
989	124.48	22.44
990	134.24	22.42
991	143.56	21.98
992	124.3	22.58
993	125.14	22.68
994	135.12	22.14
995	125.96	21.36
996	152.08	22.92
997	133.26	21.66
998	126.04	23.3
999	133.56	22.52
1000	126.68	22.24
1001	83.18	22.7
1002	115.3	22.5
1003	137.88	22.54
1004	124.14	21.7
1005	83.18	22.5
1006	94.84	21.92
1007	93.14	22.78
1008	103.42	22.24
1009	132.92	22.7
1010	132.14	22.42
1011	125.02	22.18
1012	124.34	21.92
1013	124.6	21.64
1014	117.34	22.22
1015	133.54	22.28
1016	134.04	21.84
1017	123.92	22.3
1018	124.7	21.72
1019	143.58	22.3
1020	126.06	22
1021	133.74	21.38
1022	132.98	22.44
1023	126.18	21.94
1024	133.88	22.1
1025	134.8	22.58
1026	133.42	22.5
1027	107.48	22.28
1028	133	22.32
1029	126.16	22.16
1030	133.74	22.62
1031	134.8	22
1032	124.62	22.12
1033	143.52	22.16
1034	125.74	22.28
1035	125.9	21.86
1036	125.6	22.38
1037	123.6	22.04
1038	124.38	22.32
1039	124.22	22.36
1040	114.94	21.78
1041	124.12	22.26
1042	115.98	22.48
1043	115.4	22.84
1044	124.02	22.02
1045	123.9	22.48
1046	114.18	22.82
1047	125.06	21.42
1048	142.86	22.16
1049	115.96	21.38
1050	116.14	21.9
1051	125.78	21.36
1052	124.46	21.8
1053	124.62	23.1
1054	123.92	22.04
1055	124.98	22.04
1056	116.94	22.5
1057	123.9	21.98
1058	125.2	21.68
1059	134.4	22.28
1060	134.18	22.64
1061	125.48	22.98
1062	125.8	21.76
1063	106.08	22.84
1064	109.96	20.44
1065	116.9	21.16
1066	124.8	21.32
1067	108.02	21
1068	124.88	21.96
1069	134.52	21.56
1070	134.54	21.36
1071	115.8	21.12
1072	132.78	21.32
1073	115.76	21.38
1074	133.3	20.86
1075	106.02	22.68
1076	142.66	21
1077	107.48	20.8
1078	123.64	22.86
1079	125.82	22.6
1080	133.56	21.86
1081	135.5	21.32
1082	105.74	22.92
1083	114.7	21.44
1084	125.48	21.2
1085	123.86	22.62
1086	106.6	21.14
1087	96.8	21.24
1088	114.58	21.84
1089	118.1	21.78
1090	116.56	20.66
1091	114.8	21.06
1092	114.92	21.96
1093	116.36	21.26
1094	134.46	22.5
1095	115.48	22.56
1096	117.54	21.66
1097	122.7	21.86
1098	116.72	22.32
1099	135.12	21.5
1100	134.36	21.1
1101	122.96	22.08
1102	133.54	22.02
1103	134.46	20.94
1104	125.6	21.88
1105	116.62	20.96
1106	126.54	21.38
1107	138.22	21.58
1108	125.44	19.56
1109	131.52	20.34
1110	129.6	21.1
1111	129.78	20.82
1112	204.18	23.38
1113	125.8	17.84
1114	186.52	22.68
1115	134.86	17.72
1116	157.98	22.78
1117	91.78	20.92
1118	88.64	19.5
1119	104.48	18.28
1120	116.42	17.22
1121	115.58	19.12
1122	96.62	22.32
1123	125.96	20.66
1124	103.64	21.82
1125	124.34	21.88
1126	107.74	22.86
1127	106.44	22.18
1128	107.94	21.6
1129	116.58	22.1
1130	114.68	21.56
1131	104.64	20.76
1132	105.6	21.98
1133	116.3	20.88
1134	113.68	22.12
1135	134.08	22.06
1136	104.74	22.84
1137	116.58	21.28
1138	117.42	21.14
1139	107.9	20.62
1140	115.34	21.98
1141	115.42	20.86
1142	107.48	21.76
1143	115.38	22.44
1144	106.58	21.86
1145	115.48	23.36
1146	106.78	20.46
1147	114.72	23.24
1148	123.12	21
1149	116.82	21.78
1150	122.78	22.74
1151	116.18	21.78
1152	124.36	20.82
1153	115.28	22.66
1154	115.52	22.08
1155	117.48	21.58
1156	106.62	20.48
1157	105.78	22.76
1158	123.54	21.9
1159	132.14	22
1160	123.36	21.92
1161	132.18	21.94
1162	133.26	22.32
1163	134.2	21.72
1164	141.08	21.88
1165	116.12	20.92
1166	124.68	21.58
1167	141.94	21.12
1168	124.9	21.96
1169	116.02	20.42
1170	133.8	20.72
1171	116.14	20.46
1172	143.08	20.58
1173	142.62	20.72
1174	87.84	21.02
1175	115.42	21.84
1176	115.22	21.04
1177	79.76	20.9
1178	105.86	21.82
1179	115.54	20.88
1180	115.6	21.94
1181	88.54	22.64
1182	96.36	22.1
1183	106.6	21.48
1184	107.52	21.88
1185	104.42	21.84
1186	97.3	23.12
1187	96.44	21.96
1188	116.14	21.6
1189	108.22	23.22
1190	106.46	22.78
1191	109.04	24.84
1192	117.32	24.28
1193	126.02	23.32
1194	103.54	19.42
1195	102.6	18.36
1196	102.14	18.92
1197	116.54	22.68
1198	96.72	20.88
1199	100.68	25.02
